MOL TEXT
 OpenBabel04132006252D

  8  8  0  0  0  0  0  0  0  0999 V2000
    1.6239   -2.5513    0.0000 C   0  0  0  0  0  0  0  0  0  0  0  0
    0.3392   -3.3486    0.0000 C   0  0  0  0  0  0  0  0  0  0  0  0
    1.6199   -1.1144    0.0000 C   0  0  0  0  0  0  0  0  0  0  0  0
    2.9213   -0.3628    0.0000 C   0  0  0  0  0  0  0  0  0  0  0  0
    4.1857   -1.1069    0.0000 C   0  0  0  0  0  0  0  0  0  0  0  0
    5.4969   -0.3558    0.0000 C   0  0  0  0  0  0  0  0  0  0  0  0
    4.1892   -2.6008    0.0000 C   0  0  0  0  0  0  0  0  0  0  0  0
    2.8523   -3.2299    0.0000 C   0  0  0  0  0  0  0  0  0  0  0  0
  1  2  1  0  0  0  0
  1  8  1  0  0  0  0
  3  1  2  0  0  0  0
  3  4  1  0  0  0  0
  4  5  2  0  0  0  0
  5  6  1  0  0  0  0
  5  7  1  0  0  0  0
  8  7  2  0  0  0  0
M  END
